0 0.88768
1 1.00224
2 1.00224
3 1.00224
4 0.99072
5 1.00224
6 1.00224
7 1.00224
8 1.00224
9 0.99072
10 1.00224
11 1.00224
12 1.00224
13 1.00224
14 0.99072
15 1.00224
16 1.00224
17 1.00224
18 1.00224
19 0.99072
20 1.00224
21 1.00224
22 1.00224
23 1.00224
24 0.99072
25 1.00224
26 1.00224
27 1.00224
28 1.00224
29 0.99072
30 1.00224
31 1.00224
32 1.00224
33 1.00224
34 0.99072
35 1.00224
36 1.00224
37 1.00224
38 1.00224
39 1.00224
40 0.99072
41 1.00224
42 1.00224
43 1.00224
44 1.00224
45 0.99072
46 1.00224
47 1.00224
48 1.00224
49 1.00224
50 0.99072
51 1.00224
52 1.00224
53 1.00224
54 1.00224
55 0.99072
56 1.00224
57 1.00224
58 1.00224
59 1.00224
60 0.99072
61 1.00224
62 1.00224
63 1.00224
64 1.00224
65 0.99072
66 1.00224
67 1.00224
68 1.00224
69 1.00224
70 0.99072
71 1.00224
72 1.00224
73 1.00224
74 1.00224
75 1.00224
76 0.99072
77 1.00224
78 1.00224
79 1.00224
80 1.00224
81 0.99072
82 1.00224
83 1.00224
84 1.00224
85 1.00224
86 0.99072
87 1.00224
88 1.00224
89 1.00224
90 1.00224
91 0.99072
92 1.00224
93 1.00224
94 1.00224
95 1.00224
96 0.99072
97 1.00224
98 1.00224
99 1.00224
